t0 0.00000 0.00000 0.00000 0.00000 0.00000 0.00000 0.00000 0.00000 0.00000 0.00000 0.00000 0.00000 0.0954915 0.181636 0.250000 0.293893 0.309017 0.293893 0.250000 0.181636 0.0954915 3.78437E-17 0.00000 0.181636 0.345492 0.475528 0.559017 0.587785 0.559017 0.475528 0.345492 0.181636 7.19829E-17 0.00000 0.250000 0.475528 0.654508 0.769421 0.809017 0.769421 0.654508 0.475528 0.250000 9.90760E-17 0.00000 0.293893 0.559017 0.769421 0.904508 0.951057 0.904508 0.769421 0.559017 0.293893 1.16471E-16 0.00000 0.309017 0.587785 0.809017 0.951057 1.00000 0.951057 0.809017 0.587785 0.309017 1.22465E-16 0.00000 0.293893 0.559017 0.769421 0.904508 0.951057 0.904508 0.769421 0.559017 0.293893 1.16471E-16 0.00000 0.250000 0.475528 0.654508 0.769421 0.809017 0.769421 0.654508 0.475528 0.250000 9.90760E-17 0.00000 0.181636 0.345492 0.475528 0.559017 0.587785 0.559017 0.475528 0.345492 0.181636 7.19829E-17 0.00000 0.0954915 0.181636 0.250000 0.293893 0.309017 0.293893 0.250000 0.181636 0.0954915 3.78437E-17 0.00000 3.78437E-17 7.19829E-17 9.90760E-17 1.16471E-16 1.22465E-16 1.16471E-16 9.90760E-17 7.19829E-17 3.78437E-17 1.49976E-32 
t1 0.00000 0.00000 0.00000 0.00000 0.00000 0.00000 0.00000 0.00000 0.00000 0.00000 0.00000 0.00000 0.0827387 0.157378 0.216613 0.254643 0.267748 0.254643 0.216613 0.157378 0.0827387 3.78437E-17 0.00000 0.157378 0.299351 0.412022 0.484361 0.509287 0.484361 0.412022 0.299351 0.157378 7.19829E-17 0.00000 0.216613 0.412022 0.567099 0.666665 0.700973 0.666665 0.567099 0.412022 0.216613 9.90760E-17 0.00000 0.254643 0.484361 0.666665 0.783712 0.824043 0.783712 0.666665 0.484361 0.254643 1.16471E-16 0.00000 0.267748 0.509287 0.700973 0.824043 0.866450 0.824043 0.700973 0.509287 0.267748 1.22465E-16 0.00000 0.254643 0.484361 0.666665 0.783712 0.824043 0.783712 0.666665 0.484361 0.254643 1.16471E-16 0.00000 0.216613 0.412022 0.567099 0.666665 0.700973 0.666665 0.567099 0.412022 0.216613 9.90760E-17 0.00000 0.157378 0.299351 0.412022 0.484361 0.509287 0.484361 0.412022 0.299351 0.157378 7.19829E-17 0.00000 0.0827387 0.157378 0.216613 0.254643 0.267748 0.254643 0.216613 0.157378 0.0827387 3.78437E-17 0.00000 3.78437E-17 7.19829E-17 9.90760E-17 1.16471E-16 1.22465E-16 1.16471E-16 9.90760E-17 7.19829E-17 3.78437E-17 1.49976E-32 
t2 0.00000 0.00000 0.00000 0.00000 0.00000 0.00000 0.00000 0.00000 0.00000 0.00000 0.00000 0.00000 0.0466319 0.0886992 0.122084 0.143518 0.150904 0.143518 0.122084 0.0886992 0.0466319 3.78437E-17 0.00000 0.0886992 0.168716 0.232218 0.272988 0.287037 0.272988 0.232218 0.168716 0.0886992 7.19829E-17 0.00000 0.122084 0.232218 0.319620 0.375736 0.395072 0.375736 0.319620 0.232218 0.122084 9.90760E-17 0.00000 0.143518 0.272988 0.375736 0.441704 0.464435 0.441704 0.375736 0.272988 0.143518 1.16471E-16 0.00000 0.150904 0.287037 0.395072 0.464435 0.488336 0.464435 0.395072 0.287037 0.150904 1.22465E-16 0.00000 0.143518 0.272988 0.375736 0.441704 0.464435 0.441704 0.375736 0.272988 0.143518 1.16471E-16 0.00000 0.122084 0.232218 0.319620 0.375736 0.395072 0.375736 0.319620 0.232218 0.122084 9.90760E-17 0.00000 0.0886992 0.168716 0.232218 0.272988 0.287037 0.272988 0.232218 0.168716 0.0886992 7.19829E-17 0.00000 0.0466319 0.0886992 0.122084 0.143518 0.150904 0.143518 0.122084 0.0886992 0.0466319 3.78437E-17 0.00000 3.78437E-17 7.19829E-17 9.90760E-17 1.16471E-16 1.22465E-16 1.16471E-16 9.90760E-17 7.19829E-17 3.78437E-17 1.49976E-32 
