t0 0.00000 0.00000 0.00000 0.00000 0.00000 0.00000 0.00000 0.00000 0.00000 0.00000 0.00000 0.00000 0.0954915 0.181636 0.250000 0.293893 0.309017 0.293893 0.250000 0.181636 0.0954915 3.78437E-17 0.00000 0.181636 0.345492 0.475528 0.559017 0.587785 0.559017 0.475528 0.345492 0.181636 7.19829E-17 0.00000 0.250000 0.475528 0.654508 0.769421 0.809017 0.769421 0.654508 0.475528 0.250000 9.90760E-17 0.00000 0.293893 0.559017 0.769421 0.904508 0.951057 0.904508 0.769421 0.559017 0.293893 1.16471E-16 0.00000 0.309017 0.587785 0.809017 0.951057 1.00000 0.951057 0.809017 0.587785 0.309017 1.22465E-16 0.00000 0.293893 0.559017 0.769421 0.904508 0.951057 0.904508 0.769421 0.559017 0.293893 1.16471E-16 0.00000 0.250000 0.475528 0.654508 0.769421 0.809017 0.769421 0.654508 0.475528 0.250000 9.90760E-17 0.00000 0.181636 0.345492 0.475528 0.559017 0.587785 0.559017 0.475528 0.345492 0.181636 7.19829E-17 0.00000 0.0954915 0.181636 0.250000 0.293893 0.309017 0.293893 0.250000 0.181636 0.0954915 3.78437E-17 0.00000 3.78437E-17 7.19829E-17 9.90760E-17 1.16471E-16 1.22465E-16 1.16471E-16 9.90760E-17 7.19829E-17 3.78437E-17 1.49976E-32 
t1 0.00000 0.00000 0.00000 0.00000 0.00000 0.00000 0.00000 0.00000 0.00000 0.00000 0.00000 0.00000 0.0821455 0.156250 0.215060 0.252818 0.265828 0.252818 0.215060 0.156250 0.0821455 3.78437E-17 0.00000 0.156250 0.297205 0.409068 0.480888 0.505636 0.480888 0.409068 0.297205 0.156250 7.19829E-17 0.00000 0.215060 0.409068 0.563034 0.661886 0.695948 0.661886 0.563034 0.409068 0.215060 9.90760E-17 0.00000 0.252818 0.480888 0.661886 0.778093 0.818136 0.778093 0.661886 0.480888 0.252818 1.16471E-16 0.00000 0.265828 0.505636 0.695948 0.818136 0.860239 0.818136 0.695948 0.505636 0.265828 1.22465E-16 0.00000 0.252818 0.480888 0.661886 0.778093 0.818136 0.778093 0.661886 0.480888 0.252818 1.16471E-16 0.00000 0.215060 0.409068 0.563034 0.661886 0.695948 0.661886 0.563034 0.409068 0.215060 9.90760E-17 0.00000 0.156250 0.297205 0.409068 0.480888 0.505636 0.480888 0.409068 0.297205 0.156250 7.19829E-17 0.00000 0.0821455 0.156250 0.215060 0.252818 0.265828 0.252818 0.215060 0.156250 0.0821455 3.78437E-17 0.00000 3.78437E-17 7.19829E-17 9.90760E-17 1.16471E-16 1.22465E-16 1.16471E-16 9.90760E-17 7.19829E-17 3.78437E-17 1.49976E-32 
t2 0.00000 0.00000 0.00000 0.00000 0.00000 0.00000 0.00000 0.00000 0.00000 0.00000 0.00000 0.00000 0.0449842 0.0855650 0.117770 0.138447 0.145572 0.138447 0.117770 0.0855650 0.0449842 3.78437E-17 0.00000 0.0855650 0.162754 0.224012 0.263342 0.276894 0.263342 0.224012 0.162754 0.0855650 7.19829E-17 0.00000 0.117770 0.224012 0.308326 0.362459 0.381112 0.362459 0.308326 0.224012 0.117770 9.90760E-17 0.00000 0.138447 0.263342 0.362459 0.426096 0.448024 0.426096 0.362459 0.263342 0.138447 1.16471E-16 0.00000 0.145572 0.276894 0.381112 0.448024 0.471080 0.448024 0.381112 0.276894 0.145572 1.22465E-16 0.00000 0.138447 0.263342 0.362459 0.426096 0.448024 0.426096 0.362459 0.263342 0.138447 1.16471E-16 0.00000 0.117770 0.224012 0.308326 0.362459 0.381112 0.362459 0.308326 0.224012 0.117770 9.90760E-17 0.00000 0.0855650 0.162754 0.224012 0.263342 0.276894 0.263342 0.224012 0.162754 0.0855650 7.19829E-17 0.00000 0.0449842 0.0855650 0.117770 0.138447 0.145572 0.138447 0.117770 0.0855650 0.0449842 3.78437E-17 0.00000 3.78437E-17 7.19829E-17 9.90760E-17 1.16471E-16 1.22465E-16 1.16471E-16 9.90760E-17 7.19829E-17 3.78437E-17 1.49976E-32 
