ARMA_MAT_TXT_FN008
100 100
   3.10998622698369e-02   6.21696374314805e-02   9.31792674840716e-02   1.24098752613259e-01   1.54898180214085e-01   1.85547753829493e-01   2.16017821976484e-01   2.46278906832001e-01   2.76301732750830e-01   3.06057254587887e-01   3.35516685797525e-01   3.64651526282655e-01   3.93433589966752e-01   4.21835032062062e-01   4.49828376007636e-01   4.77386540051127e-01   5.04482863448640e-01   5.31091132257275e-01   5.57185604695429e-01   5.82741036046301e-01   6.07732703080532e-01   6.32136427974326e-01   6.55928601699940e-01   6.79086206865886e-01   7.01586839984777e-01   7.23408733147250e-01   7.44530775081015e-01   7.64932531574648e-01   7.84594265246366e-01   8.03496954638676e-01   8.21622312620401e-01   8.38952804078301e-01   8.55471662881164e-01   8.71162908099950e-01   8.86011359468315e-01   9.00002652068530e-01   9.13123250228619e-01   9.25360460617242e-01   9.36702444523675e-01   9.47138229311000e-01   9.56657719031420e-01   9.65251704193436e-01   9.72911870671437e-01   9.79630807749082e-01   9.85402015288681e-01   9.90219910019669e-01   9.94079830940053e-01   9.96978043825629e-01   9.98911744842611e-01   9.99879063260150e-01   9.99879063260150e-01   9.98911744842611e-01   9.96978043825629e-01   9.94079830940053e-01   9.90219910019669e-01   9.85402015288681e-01   9.79630807749082e-01   9.72911870671437e-01   9.65251704193436e-01   9.56657719031420e-01   9.47138229311000e-01   9.36702444523675e-01   9.25360460617242e-01   9.13123250228619e-01   9.00002652068530e-01   8.86011359468315e-01   8.71162908099951e-01   8.55471662881164e-01   8.38952804078301e-01   8.21622312620401e-01   8.03496954638676e-01   7.84594265246366e-01   7.64932531574648e-01   7.44530775081016e-01   7.23408733147250e-01   7.01586839984777e-01   6.79086206865886e-01   6.55928601699940e-01   6.32136427974326e-01   6.07732703080532e-01   5.82741036046301e-01   5.57185604695429e-01   5.31091132257275e-01   5.04482863448640e-01   4.77386540051127e-01   4.49828376007636e-01   4.21835032062062e-01   3.93433589966753e-01   3.64651526282655e-01   3.35516685797525e-01   3.06057254587888e-01   2.76301732750830e-01   2.46278906832001e-01   2.16017821976484e-01   1.85547753829493e-01   1.54898180214085e-01   1.24098752613260e-01   9.31792674840717e-02   6.21696374314810e-02   3.10998622698372e-02
   6.21696374314805e-02   1.24098752613259e-01   1.85547753829493e-01   2.46278906832001e-01   3.06057254587887e-01   3.64651526282655e-01   4.21835032062062e-01   4.77386540051127e-01   5.31091132257275e-01   5.82741036046301e-01   6.32136427974326e-01   6.79086206865886e-01   7.23408733147250e-01   7.64932531574648e-01   8.03496954638676e-01   8.38952804078301e-01   8.71162908099950e-01   9.00002652068530e-01   9.25360460617242e-01   9.47138229311000e-01   9.65251704193436e-01   9.79630807749082e-01   9.90219910019669e-01   9.96978043825629e-01   9.99879063260150e-01   9.98911744842611e-01   9.94079830940053e-01   9.85402015288681e-01   9.72911870671437e-01   9.56657719031420e-01   9.36702444523675e-01   9.13123250228619e-01   8.86011359468315e-01   8.55471662881164e-01   8.21622312620401e-01   7.84594265246366e-01   7.44530775081016e-01   7.01586839984777e-01   6.55928601699940e-01   6.07732703080532e-01   5.57185604695429e-01   5.04482863448640e-01   4.49828376007636e-01   3.93433589966753e-01   3.35516685797525e-01   2.76301732750830e-01   2.16017821976484e-01   1.54898180214085e-01   9.31792674840717e-02   3.10998622698372e-02  -3.10998622698365e-02  -9.31792674840715e-02  -1.54898180214084e-01  -2.16017821976483e-01  -2.76301732750830e-01  -3.35516685797525e-01  -3.93433589966752e-01  -4.49828376007635e-01  -5.04482863448640e-01  -5.57185604695428e-01  -6.07732703080531e-01  -6.55928601699940e-01  -7.01586839984776e-01  -7.44530775081015e-01  -7.84594265246366e-01  -8.21622312620400e-01  -8.55471662881164e-01  -8.86011359468315e-01  -9.13123250228619e-01  -9.36702444523675e-01  -9.56657719031419e-01  -9.72911870671437e-01  -9.85402015288681e-01  -9.94079830940052e-01  -9.98911744842611e-01  -9.99879063260150e-01  -9.96978043825629e-01  -9.90219910019669e-01  -9.79630807749082e-01  -9.65251704193436e-01  -9.47138229311000e-01  -9.25360460617242e-01  -9.00002652068530e-01  -8.71162908099951e-01  -8.38952804078302e-01  -8.03496954638676e-01  -7.64932531574648e-01  -7.23408733147250e-01  -6.79086206865886e-01  -6.32136427974327e-01  -5.82741036046301e-01  -5.31091132257275e-01  -4.77386540051127e-01  -4.21835032062063e-01  -3.64651526282656e-01  -3.06057254587887e-01  -2.46278906832002e-01  -1.85547753829494e-01  -1.24098752613260e-01  -6.21696374314811e-02
   9.31792674840716e-02   1.85547753829493e-01   2.76301732750830e-01   3.64651526282655e-01   4.49828376007636e-01   5.31091132257275e-01   6.07732703080532e-01   6.79086206865886e-01   7.44530775081015e-01   8.03496954638676e-01   8.55471662881164e-01   9.00002652068530e-01   9.36702444523675e-01   9.65251704193436e-01   9.85402015288681e-01   9.96978043825629e-01   9.99879063260150e-01   9.94079830940053e-01   9.79630807749082e-01   9.56657719031420e-01   9.25360460617242e-01   8.86011359468315e-01   8.38952804078301e-01   7.84594265246366e-01   7.23408733147250e-01   6.55928601699940e-01   5.82741036046301e-01   5.04482863448640e-01   4.21835032062062e-01   3.35516685797525e-01   2.46278906832001e-01   1.54898180214085e-01   6.21696374314810e-02  -3.10998622698365e-02  -1.24098752613259e-01  -2.16017821976483e-01  -3.06057254587887e-01  -3.93433589966752e-01  -4.77386540051127e-01  -5.57185604695428e-01  -6.32136427974326e-01  -7.01586839984776e-01  -7.64932531574648e-01  -8.21622312620400e-01  -8.71162908099950e-01  -9.13123250228619e-01  -9.47138229311000e-01  -9.72911870671437e-01  -9.90219910019669e-01  -9.98911744842611e-01  -9.98911744842611e-01  -9.90219910019669e-01  -9.72911870671438e-01  -9.47138229311000e-01  -9.13123250228619e-01  -8.71162908099951e-01  -8.21622312620401e-01  -7.64932531574648e-01  -7.01586839984777e-01  -6.32136427974327e-01  -5.57185604695429e-01  -4.77386540051127e-01  -3.93433589966753e-01  -3.06057254587887e-01  -2.16017821976484e-01  -1.24098752613260e-01  -3.10998622698373e-02   6.21696374314797e-02   1.54898180214084e-01   2.46278906832001e-01   3.35516685797525e-01   4.21835032062062e-01   5.04482863448640e-01   5.82741036046300e-01   6.55928601699940e-01   7.23408733147249e-01   7.84594265246365e-01   8.38952804078301e-01   8.86011359468314e-01   9.25360460617241e-01   9.56657719031419e-01   9.79630807749082e-01   9.94079830940052e-01   9.99879063260150e-01   9.96978043825629e-01   9.85402015288681e-01   9.65251704193436e-01   9.36702444523675e-01   9.00002652068530e-01   8.55471662881164e-01   8.03496954638677e-01   7.44530775081016e-01   6.79086206865886e-01   6.07732703080532e-01   5.31091132257276e-01   4.49828376007637e-01   3.64651526282656e-01   2.76301732750830e-01   1.85547753829495e-01   9.31792674840724e-02
   1.24098752613259e-01   2.46278906832001e-01   3.64651526282655e-01   4.77386540051127e-01   5.82741036046301e-01   6.79086206865886e-01   7.64932531574648e-01   8.38952804078301e-01   9.00002652068530e-01   9.47138229311000e-01   9.79630807749082e-01   9.96978043825629e-01   9.98911744842611e-01   9.85402015288681e-01   9.56657719031420e-01   9.13123250228619e-01   8.55471662881164e-01   7.84594265246366e-01   7.01586839984777e-01   6.07732703080532e-01   5.04482863448640e-01   3.93433589966753e-01   2.76301732750830e-01   1.54898180214085e-01   3.10998622698372e-02  -9.31792674840715e-02  -2.16017821976483e-01  -3.35516685797525e-01  -4.49828376007635e-01  -5.57185604695428e-01  -6.55928601699940e-01  -7.44530775081015e-01  -8.21622312620400e-01  -8.86011359468315e-01  -9.36702444523675e-01  -9.72911870671437e-01  -9.94079830940052e-01  -9.99879063260150e-01  -9.90219910019669e-01  -9.65251704193436e-01  -9.25360460617242e-01  -8.71162908099951e-01  -8.03496954638676e-01  -7.23408733147250e-01  -6.32136427974327e-01  -5.31091132257275e-01  -4.21835032062063e-01  -3.06057254587887e-01  -1.85547753829494e-01  -6.21696374314811e-02   6.21696374314797e-02   1.85547753829493e-01   3.06057254587887e-01   4.21835032062062e-01   5.31091132257274e-01   6.32136427974326e-01   7.23408733147249e-01   8.03496954638675e-01   8.71162908099950e-01   9.25360460617241e-01   9.65251704193435e-01   9.90219910019669e-01   9.99879063260150e-01   9.94079830940053e-01   9.72911870671437e-01   9.36702444523675e-01   8.86011359468315e-01   8.21622312620401e-01   7.44530775081016e-01   6.55928601699940e-01   5.57185604695430e-01   4.49828376007637e-01   3.35516685797525e-01   2.16017821976485e-01   9.31792674840724e-02  -3.10998622698367e-02  -1.54898180214083e-01  -2.76301732750830e-01  -3.93433589966752e-01  -5.04482863448639e-01  -6.07732703080531e-01  -7.01586839984777e-01  -7.84594265246365e-01  -8.55471662881164e-01  -9.13123250228618e-01  -9.56657719031419e-01  -9.85402015288681e-01  -9.98911744842611e-01  -9.96978043825629e-01  -9.79630807749082e-01  -9.47138229311001e-01  -9.00002652068530e-01  -8.38952804078301e-01  -7.64932531574648e-01  -6.79086206865886e-01  -5.82741036046301e-01  -4.77386540051128e-01  -3.64651526282656e-01  -2.46278906832003e-01  -1.24098752613260e-01
   1.54898180214085e-01   3.06057254587887e-01   4.49828376007636e-01   5.82741036046301e-01   7.01586839984777e-01   8.03496954638676e-01   8.86011359468315e-01   9.47138229311000e-01   9.85402015288681e-01   9.99879063260150e-01   9.90219910019669e-01   9.56657719031420e-01   9.00002652068530e-01   8.21622312620401e-01   7.23408733147250e-01   6.07732703080532e-01   4.77386540051127e-01   3.35516685797525e-01   1.85547753829493e-01   3.10998622698372e-02  -1.24098752613259e-01  -2.76301732750830e-01  -4.21835032062062e-01  -5.57185604695428e-01  -6.79086206865886e-01  -7.84594265246366e-01  -8.71162908099950e-01  -9.36702444523675e-01  -9.79630807749082e-01  -9.98911744842611e-01  -9.94079830940053e-01  -9.65251704193436e-01  -9.13123250228619e-01  -8.38952804078302e-01  -7.44530775081015e-01  -6.32136427974327e-01  -5.04482863448640e-01  -3.64651526282656e-01  -2.16017821976484e-01  -6.21696374314811e-02   9.31792674840709e-02   2.46278906832001e-01   3.93433589966752e-01   5.31091132257274e-01   6.55928601699940e-01   7.64932531574647e-01   8.55471662881164e-01   9.25360460617241e-01   9.72911870671437e-01   9.96978043825629e-01   9.96978043825629e-01   9.72911870671437e-01   9.25360460617242e-01   8.55471662881164e-01   7.64932531574648e-01   6.55928601699940e-01   5.31091132257276e-01   3.93433589966753e-01   2.46278906832003e-01   9.31792674840724e-02  -6.21696374314805e-02  -2.16017821976482e-01  -3.64651526282655e-01  -5.04482863448639e-01  -6.32136427974326e-01  -7.44530775081014e-01  -8.38952804078301e-01  -9.13123250228618e-01  -9.65251704193435e-01  -9.94079830940053e-01  -9.98911744842611e-01  -9.79630807749082e-01  -9.36702444523675e-01  -8.71162908099951e-01  -7.84594265246367e-01  -6.79086206865886e-01  -5.57185604695430e-01  -4.21835032062063e-01  -2.76301732750830e-01  -1.24098752613260e-01   3.10998622698366e-02   1.85547753829492e-01   3.35516685797524e-01   4.77386540051126e-01   6.07732703080531e-01   7.23408733147249e-01   8.21622312620400e-01   9.00002652068529e-01   9.56657719031419e-01   9.90219910019669e-01   9.99879063260150e-01   9.85402015288681e-01   9.47138229311001e-01   8.86011359468315e-01   8.03496954638677e-01   7.01586839984777e-01   5.82741036046303e-01   4.49828376007637e-01   3.06057254587888e-01   1.54898180214086e-01
   1.85547753829493e-01   3.64651526282655e-01   5.31091132257275e-01   6.79086206865886e-01   8.03496954638676e-01   9.00002652068530e-01   9.65251704193436e-01   9.96978043825629e-01   9.94079830940053e-01   9.56657719031420e-01   8.86011359468315e-01   7.84594265246366e-01   6.55928601699940e-01   5.04482863448640e-01   3.35516685797525e-01   1.54898180214085e-01  -3.10998622698365e-02  -2.16017821976483e-01  -3.93433589966752e-01  -5.57185604695428e-01  -7.01586839984776e-01  -8.21622312620400e-01  -9.13123250228619e-01  -9.72911870671437e-01  -9.98911744842611e-01  -9.90219910019669e-01  -9.47138229311000e-01  -8.71162908099951e-01  -7.64932531574648e-01  -6.32136427974327e-01  -4.77386540051127e-01  -3.06057254587887e-01  -1.24098752613260e-01   6.21696374314797e-02   2.46278906832001e-01   4.21835032062062e-01   5.82741036046300e-01   7.23408733147249e-01   8.38952804078301e-01   9.25360460617241e-01   9.79630807749082e-01   9.99879063260150e-01   9.85402015288681e-01   9.36702444523675e-01   8.55471662881164e-01   7.44530775081016e-01   6.07732703080532e-01   4.49828376007637e-01   2.76301732750830e-01   9.31792674840724e-02  -9.31792674840717e-02  -2.76301732750830e-01  -4.49828376007634e-01  -6.07732703080531e-01  -7.44530775081014e-01  -8.55471662881164e-01  -9.36702444523675e-01  -9.85402015288681e-01  -9.99879063260150e-01  -9.79630807749082e-01  -9.25360460617242e-01  -8.38952804078301e-01  -7.23408733147250e-01  -5.82741036046301e-01  -4.21835032062063e-01  -2.46278906832003e-01  -6.21696374314813e-02   1.24098752613258e-01   3.06057254587887e-01   4.77386540051126e-01   6.32136427974326e-01   7.64932531574647e-01   8.71162908099950e-01   9.47138229311000e-01   9.90219910019669e-01   9.98911744842611e-01   9.72911870671438e-01   9.13123250228619e-01   8.21622312620402e-01   7.01586839984777e-01   5.57185604695430e-01   3.93433589966753e-01   2.16017821976485e-01   3.10998622698377e-02  -1.54898180214083e-01  -3.35516685797524e-01  -5.04482863448640e-01  -6.55928601699938e-01  -7.84594265246365e-01  -8.86011359468315e-01  -9.56657719031419e-01  -9.94079830940052e-01  -9.96978043825629e-01  -9.65251704193436e-01  -9.00002652068531e-01  -8.03496954638677e-01  -6.79086206865887e-01  -5.31091132257275e-01  -3.64651526282658e-01  -1.85547753829495e-01
   2.16017821976484e-01   4.21835032062062e-01   6.07732703080532e-01   7.64932531574648e-01   8.86011359468315e-01   9.65251704193436e-01   9.98911744842611e-01   9.85402015288681e-01   9.25360460617242e-01   8.21622312620401e-01   6.79086206865886e-01   5.04482863448640e-01   3.06057254587888e-01   9.31792674840717e-02  -1.24098752613259e-01  -3.35516685797525e-01  -5.31091132257275e-01  -7.01586839984776e-01  -8.38952804078301e-01  -9.36702444523675e-01  -9.90219910019669e-01  -9.96978043825629e-01  -9.56657719031420e-01  -8.71162908099951e-01  -7.44530775081015e-01  -5.82741036046301e-01  -3.93433589966753e-01  -1.85547753829494e-01   3.10998622698368e-02   2.46278906832001e-01   4.49828376007635e-01   6.32136427974326e-01   7.84594265246365e-01   9.00002652068530e-01   9.72911870671437e-01   9.99879063260150e-01   9.79630807749082e-01   9.13123250228619e-01   8.03496954638677e-01   6.55928601699940e-01   4.77386540051128e-01   2.76301732750830e-01   6.21696374314812e-02  -1.54898180214083e-01  -3.64651526282655e-01  -5.57185604695428e-01  -7.23408733147249e-01  -8.55471662881164e-01  -9.47138229311000e-01  -9.94079830940053e-01  -9.94079830940053e-01  -9.47138229311001e-01  -8.55471662881164e-01  -7.23408733147250e-01  -5.57185604695430e-01  -3.64651526282656e-01  -1.54898180214086e-01   6.21696374314804e-02   2.76301732750829e-01   4.77386540051126e-01   6.55928601699940e-01   8.03496954638675e-01   9.13123250228618e-01   9.79630807749082e-01   9.99879063260150e-01   9.72911870671438e-01   9.00002652068530e-01   7.84594265246367e-01   6.32136427974327e-01   4.49828376007637e-01   2.46278906832003e-01   3.10998622698377e-02  -1.85547753829492e-01  -3.93433589966752e-01  -5.82741036046300e-01  -7.44530775081014e-01  -8.71162908099949e-01  -9.56657719031419e-01  -9.96978043825629e-01  -9.90219910019670e-01  -9.36702444523676e-01  -8.38952804078302e-01  -7.01586839984779e-01  -5.31091132257275e-01  -3.35516685797526e-01  -1.24098752613261e-01   9.31792674840695e-02   3.06057254587885e-01   5.04482863448640e-01   6.79086206865886e-01   8.21622312620400e-01   9.25360460617241e-01   9.85402015288681e-01   9.98911744842611e-01   9.65251704193436e-01   8.86011359468315e-01   7.64932531574649e-01   6.07732703080534e-01   4.21835032062065e-01   2.16017821976484e-01
   2.46278906832001e-01   4.77386540051127e-01   6.79086206865886e-01   8.38952804078301e-01   9.47138229311000e-01   9.96978043825629e-01   9.85402015288681e-01   9.13123250228619e-01   7.84594265246366e-01   6.07732703080532e-01   3.93433589966753e-01   1.54898180214085e-01  -9.31792674840715e-02  -3.35516685797525e-01  -5.57185604695428e-01  -7.44530775081015e-01  -8.86011359468315e-01  -9.72911870671437e-01  -9.99879063260150e-01  -9.65251704193436e-01  -8.71162908099951e-01  -7.23408733147250e-01  -5.31091132257275e-01  -3.06057254587887e-01  -6.21696374314811e-02   1.85547753829493e-01   4.21835032062062e-01   6.32136427974326e-01   8.03496954638675e-01   9.25360460617241e-01   9.90219910019669e-01   9.94079830940053e-01   9.36702444523675e-01   8.21622312620401e-01   6.55928601699940e-01   4.49828376007637e-01   2.16017821976485e-01  -3.10998622698367e-02  -2.76301732750830e-01  -5.04482863448639e-01  -7.01586839984777e-01  -8.55471662881164e-01  -9.56657719031419e-01  -9.98911744842611e-01  -9.79630807749082e-01  -9.00002652068530e-01  -7.64932531574648e-01  -5.82741036046301e-01  -3.64651526282656e-01  -1.24098752613260e-01   1.24098752613258e-01   3.64651526282655e-01   5.82741036046300e-01   7.64932531574647e-01   9.00002652068529e-01   9.79630807749082e-01   9.98911744842611e-01   9.56657719031420e-01   8.55471662881164e-01   7.01586839984777e-01   5.04482863448641e-01   2.76301732750832e-01   3.10998622698377e-02  -2.16017821976482e-01  -4.49828376007636e-01  -6.55928601699938e-01  -8.21622312620400e-01  -9.36702444523675e-01  -9.94079830940052e-01  -9.90219910019670e-01  -9.25360460617243e-01  -8.03496954638677e-01  -6.32136427974327e-01  -4.21835032062065e-01  -1.85547753829495e-01   6.21696374314801e-02   3.06057254587885e-01   5.31091132257274e-01   7.23408733147250e-01   8.71162908099949e-01   9.65251704193435e-01   9.99879063260150e-01   9.72911870671438e-01   8.86011359468315e-01   7.44530775081017e-01   5.57185604695430e-01   3.35516685797526e-01   9.31792674840747e-02  -1.54898180214083e-01  -3.93433589966752e-01  -6.07732703080529e-01  -7.84594265246365e-01  -9.13123250228619e-01  -9.85402015288681e-01  -9.96978043825629e-01  -9.47138229311000e-01  -8.38952804078303e-01  -6.79086206865887e-01  -4.77386540051130e-01  -2.46278906832004e-01
   2.76301732750830e-01   5.31091132257275e-01   7.44530775081015e-01   9.00002652068530e-01   9.85402015288681e-01   9.94079830940053e-01   9.25360460617242e-01   7.84594265246366e-01   5.82741036046301e-01   3.35516685797525e-01   6.21696374314810e-02  -2.16017821976483e-01  -4.77386540051127e-01  -7.01586839984776e-01  -8.71162908099950e-01  -9.72911870671437e-01  -9.98911744842611e-01  -9.47138229311000e-01  -8.21622312620401e-01  -6.32136427974327e-01  -3.93433589966753e-01  -1.24098752613260e-01   1.54898180214084e-01   4.21835032062062e-01   6.55928601699940e-01   8.38952804078301e-01   9.56657719031419e-01   9.99879063260150e-01   9.65251704193436e-01   8.55471662881164e-01   6.79086206865886e-01   4.49828376007637e-01   1.85547753829495e-01  -9.31792674840717e-02  -3.64651526282655e-01  -6.07732703080531e-01  -8.03496954638675e-01  -9.36702444523675e-01  -9.96978043825629e-01  -9.79630807749082e-01  -8.86011359468315e-01  -7.23408733147250e-01  -5.04482863448641e-01  -2.46278906832003e-01   3.10998622698366e-02   3.06057254587887e-01   5.57185604695428e-01   7.64932531574647e-01   9.13123250228618e-01   9.90219910019669e-01   9.90219910019670e-01   9.13123250228619e-01   7.64932531574649e-01   5.57185604695430e-01   3.06057254587888e-01   3.10998622698377e-02  -2.46278906832000e-01  -5.04482863448640e-01  -7.23408733147250e-01  -8.86011359468315e-01  -9.79630807749082e-01  -9.96978043825629e-01  -9.36702444523676e-01  -8.03496954638677e-01  -6.07732703080534e-01  -3.64651526282658e-01  -9.31792674840745e-02   1.85547753829493e-01   4.49828376007636e-01   6.79086206865886e-01   8.55471662881163e-01   9.65251704193435e-01   9.99879063260150e-01   9.56657719031420e-01   8.38952804078302e-01   6.55928601699942e-01   4.21835032062065e-01   1.54898180214088e-01  -1.24098752613259e-01  -3.93433589966752e-01  -6.32136427974326e-01  -8.21622312620400e-01  -9.47138229311000e-01  -9.98911744842611e-01  -9.72911870671438e-01  -8.71162908099952e-01  -7.01586839984779e-01  -4.77386540051130e-01  -2.16017821976484e-01   6.21696374314799e-02   3.35516685797524e-01   5.82741036046300e-01   7.84594265246365e-01   9.25360460617241e-01   9.94079830940052e-01   9.85402015288682e-01   9.00002652068531e-01   7.44530775081018e-01   5.31091132257278e-01   2.76301732750831e-01
   3.06057254587887e-01   5.82741036046301e-01   8.03496954638676e-01   9.47138229311000e-01   9.99879063260150e-01   9.56657719031420e-01   8.21622312620401e-01   6.07732703080532e-01   3.35516685797525e-01   3.10998622698372e-02  -2.76301732750830e-01  -5.57185604695428e-01  -7.84594265246366e-01  -9.36702444523675e-01  -9.98911744842611e-01  -9.65251704193436e-01  -8.38952804078302e-01  -6.32136427974327e-01  -3.64651526282656e-01  -6.21696374314811e-02   2.46278906832001e-01   5.31091132257274e-01   7.64932531574647e-01   9.25360460617241e-01   9.96978043825629e-01   9.72911870671437e-01   8.55471662881164e-01   6.55928601699940e-01   3.93433589966753e-01   9.31792674840724e-02  -2.16017821976482e-01  -5.04482863448639e-01  -7.44530775081014e-01  -9.13123250228618e-01  -9.94079830940053e-01  -9.79630807749082e-01  -8.71162908099951e-01  -6.79086206865886e-01  -4.21835032062063e-01  -1.24098752613260e-01   1.85547753829492e-01   4.77386540051126e-01   7.23408733147249e-01   9.00002652068529e-01   9.90219910019669e-01   9.85402015288681e-01   8.86011359468315e-01   7.01586839984777e-01   4.49828376007637e-01   1.54898180214086e-01  -1.54898180214083e-01  -4.49828376007636e-01  -7.01586839984775e-01  -8.86011359468315e-01  -9.85402015288681e-01  -9.90219910019670e-01  -9.00002652068531e-01  -7.23408733147251e-01  -4.77386540051130e-01  -1.85547753829495e-01   1.24098752613259e-01   4.21835032062060e-01   6.79086206865886e-01   8.71162908099949e-01   9.79630807749082e-01   9.94079830940053e-01   9.13123250228619e-01   7.44530775081017e-01   5.04482863448641e-01   2.16017821976484e-01  -9.31792674840694e-02  -3.93433589966752e-01  -6.55928601699938e-01  -8.55471662881163e-01  -9.72911870671437e-01  -9.96978043825629e-01  -9.25360460617243e-01  -7.64932531574649e-01  -5.31091132257275e-01  -2.46278906832004e-01   6.21696374314799e-02   3.64651526282653e-01   6.32136427974326e-01   8.38952804078300e-01   9.65251704193435e-01   9.98911744842611e-01   9.36702444523676e-01   7.84594265246368e-01   5.57185604695430e-01   2.76301732750831e-01  -3.10998622698342e-02  -3.35516685797524e-01  -6.07732703080529e-01  -8.21622312620400e-01  -9.56657719031419e-01  -9.99879063260150e-01  -9.47138229311001e-01  -8.03496954638677e-01  -5.82741036046302e-01  -3.06057254587890e-01
   3.35516685797525e-01   6.32136427974326e-01   8.55471662881164e-01   9.79630807749082e-01   9.90219910019669e-01   8.86011359468315e-01   6.79086206865886e-01   3.93433589966753e-01   6.21696374314810e-02  -2.76301732750830e-01  -5.82741036046301e-01  -8.21622312620400e-01  -9.65251704193435e-01  -9.96978043825629e-01  -9.13123250228619e-01  -7.23408733147250e-01  -4.49828376007637e-01  -1.24098752613260e-01   2.16017821976483e-01   5.31091132257274e-01   7.84594265246365e-01   9.47138229311000e-01   9.99879063260150e-01   9.36702444523675e-01   7.64932531574648e-01   5.04482863448641e-01   1.85547753829495e-01  -1.54898180214083e-01  -4.77386540051126e-01  -7.44530775081014e-01  -9.25360460617241e-01  -9.98911744842611e-01  -9.56657719031420e-01  -8.03496954638677e-01  -5.57185604695430e-01  -2.46278906832003e-01   9.31792674840698e-02   4.21835032062061e-01   7.01586839984775e-01   9.00002652068529e-01   9.94079830940052e-01   9.72911870671438e-01   8.38952804078301e-01   6.07732703080532e-01   3.06057254587888e-01  -3.10998622698365e-02  -3.64651526282653e-01  -6.55928601699938e-01  -8.71162908099949e-01  -9.85402015288681e-01  -9.85402015288682e-01  -8.71162908099952e-01  -6.55928601699942e-01  -3.64651526282658e-01  -3.10998622698396e-02   3.06057254587885e-01   6.07732703080530e-01   8.38952804078300e-01   9.72911870671437e-01   9.94079830940053e-01   9.00002652068531e-01   7.01586839984779e-01   4.21835032062065e-01   9.31792674840747e-02  -2.46278906831998e-01  -5.57185604695426e-01  -8.03496954638674e-01  -9.56657719031419e-01  -9.98911744842611e-01  -9.25360460617243e-01  -7.44530775081018e-01  -4.77386540051130e-01  -1.54898180214088e-01   1.85547753829490e-01   5.04482863448637e-01   7.64932531574645e-01   9.36702444523674e-01   9.99879063260149e-01   9.47138229311001e-01   7.84594265246368e-01   5.31091132257278e-01   2.16017821976487e-01  -1.24098752613255e-01  -4.49828376007632e-01  -7.23408733147247e-01  -9.13123250228619e-01  -9.96978043825629e-01  -9.65251704193436e-01  -8.21622312620401e-01  -5.82741036046302e-01  -2.76301732750831e-01   6.21696374314796e-02   3.93433589966751e-01   6.79086206865883e-01   8.86011359468313e-01   9.90219910019669e-01   9.79630807749083e-01   8.55471662881166e-01   6.32136427974330e-01   3.35516685797530e-01
   3.64651526282655e-01   6.79086206865886e-01   9.00002652068530e-01   9.96978043825629e-01   9.56657719031420e-01   7.84594265246366e-01   5.04482863448640e-01   1.54898180214085e-01  -2.16017821976483e-01  -5.57185604695428e-01  -8.21622312620400e-01  -9.72911870671437e-01  -9.90219910019669e-01  -8.71162908099951e-01  -6.32136427974327e-01  -3.06057254587887e-01   6.21696374314797e-02   4.21835032062062e-01   7.23408733147249e-01   9.25360460617241e-01   9.99879063260150e-01   9.36702444523675e-01   7.44530775081016e-01   4.49828376007637e-01   9.31792674840724e-02  -2.76301732750830e-01  -6.07732703080531e-01  -8.55471662881164e-01  -9.85402015288681e-01  -9.79630807749082e-01  -8.38952804078301e-01  -5.82741036046301e-01  -2.46278906832003e-01   1.24098752613258e-01   4.77386540051126e-01   7.64932531574647e-01   9.47138229311000e-01   9.98911744842611e-01   9.13123250228619e-01   7.01586839984777e-01   3.93433589966753e-01   3.10998622698377e-02  -3.35516685797524e-01  -6.55928601699938e-01  -8.86011359468315e-01  -9.94079830940052e-01  -9.65251704193436e-01  -8.03496954638677e-01  -5.31091132257275e-01  -1.85547753829495e-01   1.85547753829493e-01   5.31091132257274e-01   8.03496954638674e-01   9.65251704193435e-01   9.94079830940053e-01   8.86011359468315e-01   6.55928601699942e-01   3.35516685797526e-01  -3.10998622698344e-02  -3.93433589966752e-01  -7.01586839984775e-01  -9.13123250228619e-01  -9.98911744842611e-01  -9.47138229311000e-01  -7.64932531574649e-01  -4.77386540051130e-01  -1.24098752613261e-01   2.46278906831998e-01   5.82741036046300e-01   8.38952804078300e-01   9.79630807749081e-01   9.85402015288682e-01   8.55471662881164e-01   6.07732703080534e-01   2.76301732750831e-01  -9.31792674840692e-02  -4.49828376007632e-01  -7.44530775081014e-01  -9.36702444523674e-01  -9.99879063260150e-01  -9.25360460617243e-01  -7.23408733147251e-01  -4.21835032062065e-01  -6.21696374314821e-02   3.06057254587884e-01   6.32136427974325e-01   8.71162908099951e-01   9.90219910019669e-01   9.72911870671438e-01   8.21622312620401e-01   5.57185604695434e-01   2.16017821976488e-01  -1.54898180214082e-01  -5.04482863448639e-01  -7.84594265246362e-01  -9.56657719031419e-01  -9.96978043825629e-01  -9.00002652068530e-01  -6.79086206865890e-01  -3.64651526282658e-01
   3.93433589966752e-01   7.23408733147250e-01   9.36702444523675e-01   9.98911744842611e-01   9.00002652068530e-01   6.55928601699940e-01   3.06057254587888e-01  -9.31792674840715e-02  -4.77386540051127e-01  -7.84594265246366e-01  -9.65251704193435e-01  -9.90219910019669e-01  -8.55471662881164e-01  -5.82741036046301e-01  -2.16017821976484e-01   1.85547753829493e-01   5.57185604695428e-01   8.38952804078301e-01   9.85402015288681e-01   9.72911870671437e-01   8.03496954638677e-01   5.04482863448641e-01   1.24098752613260e-01  -2.76301732750830e-01  -6.32136427974326e-01  -8.86011359468315e-01  -9.96978043825629e-01  -9.47138229311001e-01  -7.44530775081016e-01  -4.21835032062063e-01  -3.10998622698376e-02   3.64651526282655e-01   7.01586839984775e-01   9.25360460617241e-01   9.99879063260150e-01   9.13123250228619e-01   6.79086206865887e-01   3.35516685797526e-01  -6.21696374314785e-02  -4.49828376007636e-01  -7.64932531574648e-01  -9.56657719031419e-01  -9.94079830940053e-01  -8.71162908099952e-01  -6.07732703080534e-01  -2.46278906832003e-01   1.54898180214083e-01   5.31091132257274e-01   8.21622312620400e-01   9.79630807749082e-01   9.79630807749082e-01   8.21622312620401e-01   5.31091132257275e-01   1.54898180214088e-01  -2.46278906831998e-01  -6.07732703080529e-01  -8.71162908099949e-01  -9.94079830940052e-01  -9.56657719031420e-01  -7.64932531574649e-01  -4.49828376007637e-01  -6.21696374314818e-02   3.35516685797524e-01   6.79086206865885e-01   9.13123250228619e-01   9.99879063260149e-01   9.25360460617243e-01   7.01586839984779e-01   3.64651526282658e-01  -3.10998622698342e-02  -4.21835032062060e-01  -7.44530775081014e-01  -9.47138229311000e-01  -9.96978043825629e-01  -8.86011359468315e-01  -6.32136427974327e-01  -2.76301732750831e-01   1.24098752613255e-01   5.04482863448636e-01   8.03496954638676e-01   9.72911870671437e-01   9.85402015288681e-01   8.38952804078303e-01   5.57185604695434e-01   1.85547753829496e-01  -2.16017821976478e-01  -5.82741036046299e-01  -8.55471662881161e-01  -9.90219910019669e-01  -9.65251704193437e-01  -7.84594265246366e-01  -4.77386540051131e-01  -9.31792674840717e-02   3.06057254587884e-01   6.55928601699940e-01   9.00002652068529e-01   9.98911744842611e-01   9.36702444523676e-01   7.23408733147254e-01   3.93433589966754e-01
   4.21835032062062e-01   7.64932531574648e-01   9.65251704193436e-01   9.85402015288681e-01   8.21622312620401e-01   5.04482863448640e-01   9.31792674840717e-02  -3.35516685797525e-01  -7.01586839984776e-01  -9.36702444523675e-01  -9.96978043825629e-01  -8.71162908099951e-01  -5.82741036046301e-01  -1.85547753829494e-01   2.46278906832001e-01   6.32136427974326e-01   9.00002652068530e-01   9.99879063260150e-01   9.13123250228619e-01   6.55928601699940e-01   2.76301732750830e-01  -1.54898180214083e-01  -5.57185604695428e-01  -8.55471662881164e-01  -9.94079830940053e-01  -9.47138229311001e-01  -7.23408733147250e-01  -3.64651526282656e-01   6.21696374314804e-02   4.77386540051126e-01   8.03496954638675e-01   9.79630807749082e-01   9.72911870671438e-01   7.84594265246367e-01   4.49828376007637e-01   3.10998622698377e-02  -3.93433589966752e-01  -7.44530775081014e-01  -9.56657719031419e-01  -9.90219910019670e-01  -8.38952804078302e-01  -5.31091132257275e-01  -1.24098752613261e-01   3.06057254587885e-01   6.79086206865886e-01   9.25360460617241e-01   9.98911744842611e-01   8.86011359468315e-01   6.07732703080534e-01   2.16017821976484e-01  -2.16017821976482e-01  -6.07732703080529e-01  -8.86011359468314e-01  -9.98911744842611e-01  -9.25360460617243e-01  -6.79086206865887e-01  -3.06057254587890e-01   1.24098752613259e-01   5.31091132257274e-01   8.38952804078300e-01   9.90219910019669e-01   9.56657719031420e-01   7.44530775081018e-01   3.93433589966754e-01  -3.10998622698342e-02  -4.49828376007632e-01  -7.84594265246365e-01  -9.72911870671437e-01  -9.79630807749082e-01  -8.03496954638677e-01  -4.77386540051130e-01  -6.21696374314821e-02   3.64651526282652e-01   7.23408733147249e-01   9.47138229311000e-01   9.94079830940053e-01   8.55471662881166e-01   5.57185604695434e-01   1.54898180214085e-01  -2.76301732750829e-01  -6.55928601699938e-01  -9.13123250228617e-01  -9.99879063260150e-01  -9.00002652068530e-01  -6.32136427974327e-01  -2.46278906832004e-01   1.85547753829489e-01   5.82741036046296e-01   8.71162908099951e-01   9.96978043825629e-01   9.36702444523676e-01   7.01586839984779e-01   3.35516685797530e-01  -9.31792674840651e-02  -5.04482863448639e-01  -8.21622312620399e-01  -9.85402015288681e-01  -9.65251704193437e-01  -7.64932531574652e-01  -4.21835032062063e-01
   4.49828376007636e-01   8.03496954638676e-01   9.85402015288681e-01   9.56657719031420e-01   7.23408733147250e-01   3.35516685797525e-01  -1.24098752613259e-01  -5.57185604695428e-01  -8.71162908099950e-01  -9.98911744842611e-01  -9.13123250228619e-01  -6.32136427974327e-01  -2.16017821976484e-01   2.46278906832001e-01   6.55928601699940e-01   9.25360460617241e-01   9.96978043825629e-01   8.55471662881164e-01   5.31091132257276e-01   9.31792674840724e-02  -3.64651526282655e-01  -7.44530775081014e-01  -9.65251704193435e-01  -9.79630807749082e-01  -7.84594265246367e-01  -4.21835032062063e-01   3.10998622698366e-02   4.77386540051126e-01   8.21622312620400e-01   9.90219910019669e-01   9.47138229311001e-01   7.01586839984777e-01   3.06057254587888e-01  -1.54898180214083e-01  -5.82741036046300e-01  -8.86011359468315e-01  -9.99879063260150e-01  -9.00002652068531e-01  -6.07732703080534e-01  -1.85547753829495e-01   2.76301732750829e-01   6.79086206865886e-01   9.36702444523675e-01   9.94079830940053e-01   8.38952804078302e-01   5.04482863448641e-01   6.21696374314817e-02  -3.93433589966752e-01  -7.64932531574645e-01  -9.72911870671437e-01  -9.72911870671438e-01  -7.64932531574649e-01  -3.93433589966753e-01   6.21696374314799e-02   5.04482863448637e-01   8.38952804078300e-01   9.94079830940052e-01   9.36702444523676e-01   6.79086206865887e-01   2.76301732750831e-01  -1.85547753829490e-01  -6.07732703080529e-01  -9.00002652068529e-01  -9.99879063260150e-01  -8.86011359468315e-01  -5.82741036046302e-01  -1.54898180214088e-01   3.06057254587884e-01   7.01586839984775e-01   9.47138229311000e-01   9.90219910019670e-01   8.21622312620401e-01   4.77386540051127e-01   3.10998622698366e-02  -4.21835032062057e-01  -7.84594265246362e-01  -9.79630807749081e-01  -9.65251704193437e-01  -7.44530775081018e-01  -3.64651526282658e-01   9.31792674840688e-02   5.31091132257273e-01   8.55471662881163e-01   9.96978043825629e-01   9.25360460617242e-01   6.55928601699940e-01   2.46278906832008e-01  -2.16017821976478e-01  -6.32136427974322e-01  -9.13123250228617e-01  -9.98911744842611e-01  -8.71162908099952e-01  -5.57185604695431e-01  -1.24098752613262e-01   3.35516685797523e-01   7.23408733147249e-01   9.56657719031419e-01   9.85402015288683e-01   8.03496954638680e-01   4.49828376007641e-01
   4.77386540051127e-01   8.38952804078301e-01   9.96978043825629e-01   9.13123250228619e-01   6.07732703080532e-01   1.54898180214085e-01  -3.35516685797525e-01  -7.44530775081015e-01  -9.72911870671437e-01  -9.65251704193436e-01  -7.23408733147250e-01  -3.06057254587887e-01   1.85547753829493e-01   6.32136427974326e-01   9.25360460617241e-01   9.94079830940053e-01   8.21622312620401e-01   4.49828376007637e-01  -3.10998622698367e-02  -5.04482863448639e-01  -8.55471662881164e-01  -9.98911744842611e-01  -9.00002652068530e-01  -5.82741036046301e-01  -1.24098752613260e-01   3.64651526282655e-01   7.64932531574647e-01   9.79630807749082e-01   9.56657719031420e-01   7.01586839984777e-01   2.76301732750832e-01  -2.16017821976482e-01  -6.55928601699938e-01  -9.36702444523675e-01  -9.90219910019670e-01  -8.03496954638677e-01  -4.21835032062065e-01   6.21696374314801e-02   5.31091132257274e-01   8.71162908099949e-01   9.99879063260150e-01   8.86011359468315e-01   5.57185604695430e-01   9.31792674840747e-02  -3.93433589966752e-01  -7.84594265246365e-01  -9.85402015288681e-01  -9.47138229311000e-01  -6.79086206865887e-01  -2.46278906832004e-01   2.46278906831998e-01   6.79086206865885e-01   9.47138229311000e-01   9.85402015288682e-01   7.84594265246368e-01   3.93433589966754e-01  -9.31792674840692e-02  -5.57185604695426e-01  -8.86011359468314e-01  -9.99879063260150e-01  -8.71162908099952e-01  -5.31091132257279e-01  -6.21696374314821e-02   4.21835032062060e-01   8.03496954638676e-01   9.90219910019669e-01   9.36702444523676e-01   6.55928601699940e-01   2.16017821976488e-01  -2.76301732750829e-01  -7.01586839984772e-01  -9.56657719031419e-01  -9.79630807749082e-01  -7.64932531574651e-01  -3.64651526282658e-01   1.24098752613259e-01   5.82741036046296e-01   9.00002652068529e-01   9.98911744842611e-01   8.55471662881166e-01   5.04482863448642e-01   3.10998622698369e-02  -4.49828376007632e-01  -8.21622312620399e-01  -9.94079830940052e-01  -9.25360460617243e-01  -6.32136427974328e-01  -1.85547753829499e-01   3.06057254587884e-01   7.23408733147249e-01   9.65251704193434e-01   9.72911870671438e-01   7.44530775081016e-01   3.35516685797530e-01  -1.54898180214082e-01  -6.07732703080531e-01  -9.13123250228617e-01  -9.96978043825629e-01  -8.38952804078305e-01  -4.77386540051131e-01
   5.04482863448640e-01   8.71162908099950e-01   9.99879063260150e-01   8.55471662881164e-01   4.77386540051127e-01  -3.10998622698365e-02  -5.31091132257275e-01  -8.86011359468315e-01  -9.98911744842611e-01  -8.38952804078302e-01  -4.49828376007637e-01   6.21696374314797e-02   5.57185604695428e-01   9.00002652068530e-01   9.96978043825629e-01   8.21622312620401e-01   4.21835032062063e-01  -9.31792674840717e-02  -5.82741036046300e-01  -9.13123250228618e-01  -9.94079830940053e-01  -8.03496954638677e-01  -3.93433589966753e-01   1.24098752613258e-01   6.07732703080531e-01   9.25360460617241e-01   9.90219910019670e-01   7.84594265246367e-01   3.64651526282656e-01  -1.54898180214083e-01  -6.32136427974326e-01  -9.36702444523675e-01  -9.85402015288682e-01  -7.64932531574649e-01  -3.35516685797526e-01   1.85547753829493e-01   6.55928601699938e-01   9.47138229311000e-01   9.79630807749082e-01   7.44530775081017e-01   3.06057254587890e-01  -2.16017821976482e-01  -6.79086206865885e-01  -9.56657719031419e-01  -9.72911870671438e-01  -7.23408733147251e-01  -2.76301732750831e-01   2.46278906831998e-01   7.01586839984775e-01   9.65251704193435e-01   9.65251704193436e-01   7.01586839984779e-01   2.46278906832004e-01  -2.76301732750829e-01  -7.23408733147247e-01  -9.72911870671437e-01  -9.56657719031420e-01  -6.79086206865887e-01  -2.16017821976488e-01   3.06057254587884e-01   7.44530775081011e-01   9.79630807749081e-01   9.47138229311001e-01   6.55928601699940e-01   1.85547753829496e-01  -3.35516685797520e-01  -7.64932531574647e-01  -9.85402015288681e-01  -9.36702444523677e-01  -6.32136427974327e-01  -1.54898180214089e-01   3.64651526282656e-01   7.84594265246365e-01   9.90219910019669e-01   9.25360460617242e-01   6.07732703080534e-01   1.24098752613265e-01  -3.93433589966751e-01  -8.03496954638673e-01  -9.94079830940052e-01  -9.13123250228620e-01  -5.82741036046305e-01  -9.31792674840720e-02   4.21835032062060e-01   8.21622312620397e-01   9.96978043825629e-01   9.00002652068532e-01   5.57185604695434e-01   6.21696374314827e-02  -4.49828376007632e-01  -8.38952804078301e-01  -9.98911744842611e-01  -8.86011359468317e-01  -5.31091132257276e-01  -3.10998622698408e-02   4.77386540051121e-01   8.55471662881163e-01   9.99879063260149e-01   8.71162908099954e-01   5.04482863448642e-01
